1 8
28591 78 0 3159881 4254 524155 598 1 
2 11
57868184 7 8 1 6395599144 42 54 524 155 1210352 2024 
3 16
5786 8184 14168 16192 2024 63955 99144 4 2 5 4 1060576 313720 2449752448 20 24 
4 23
57 86 81 84 28676032 32772608 20 24 129444920 200667456 8096 4048 10120 8096 2146605824 313 720 24497 52448 2 0 2 4 
5 35
5 7 8 6 8 1 8 4 2867 6032 3277 2608 2 0 2 4 261996518080 406150930944 80 96 40 48 20482880 80 96 21466 5824 633512 1457280 49581928 106154752 4048 1 4048 8096 
6 54
10120 14168 16192 12144 16192 2024 16192 8096 28 67 60 32 32 77 26 8 4048 1 4048 8096 261996 518080 406150 930944 8 0 9 6 4 0 4 8 2048 2880 8 0 9 6 43447184 58 24 633 512 2949534720 4958 1928 214857218048 40 48 2024 40 48 80 96 
7 86
20482880 28676032 32772608 24579456 32772608 20 24 32772608 80 96 2 8 6 7 6 0 3 2 3 2 7 7 2 6 16192 40 48 2024 40 48 80 96 261 996 518 80 406 150 930 944 16192 1 18216 12144 8096 1 8096 16192 20 48 28 80 16192 1 18216 12144 4344 7184 5 8 2 4 1281192 1036288 29495 34720 49 58 19 28 214857 218048 4 0 4 8 20 24 4 0 4 8 8 0 9 6 
8 120
2048 2880 2867 6032 3277 2608 2457 9456 3277 2608 2 0 2 4 3277 2608 8 0 9 6 4048 16192 12144 14168 12144 1 6072 4048 6072 4048 14168 14168 4048 12144 32772608 4 0 4 8 20 24 4 0 4 8 8 0 9 6 528264 2015904 1048432 8 0 821744 303600 1882320 1910656 32772608 2024 36869184 24579456 80 96 2024 80 96 32772608 2 0 4 8 2 8 8 0 32772608 2024 36869184 24579456 43 44 71 84 10120 16192 4048 8096 2593132608 2097446912 59697880 70273280 4 9 5 8 1 9 2 8 214 857 218 48 8096 1 8096 16192 2 0 2 4 8096 1 8096 16192 16192 1 18216 12144 
9 173
20 48 28 80 28 67 60 32 32 77 26 8 24 57 94 56 32 77 26 8 4048 1 4048 8096 32 77 26 8 16192 1 18216 12144 40 48 32772608 24579456 28676032 24579456 2024 60 72 40 48 60 72 40 48 28676032 28676032 40 48 24579456 3277 2608 8096 1 8096 16192 2 0 2 4 8096 1 8096 16192 16192 1 18216 12144 528 264 4080189696 2122026368 16192 1 821 744 303 600 3809815680 3867167744 3277 2608 20 24 3686 9184 2457 9456 8 0 9 6 20 24 8 0 9 6 3277 2608 4048 1 8096 16192 4048 16192 16192 1 3277 2608 20 24 3686 9184 2457 9456 4 3 4 4 7 1 8 4 20482880 32772608 40 48 80 96 25931 32608 20974 46912 5969 7880 7027 3280 8096 18216 10120 16192 2024 18216 4048 16192 433136 1734568 441232 4 8 80 96 2024 80 96 32772608 4048 1 4048 8096 80 96 2024 80 96 32772608 32772608 2024 36869184 24579456 
10 284
2 0 4 8 2 8 8 0 2 8 6 7 6 0 3 2 3 2 7 7 2 6 16192 2 4 5 7 9 4 5 6 3 2 7 7 2 6 16192 40 48 2024 40 48 80 96 3 2 7 7 2 6 16192 32772608 2024 36869184 24579456 4 0 4 8 3277 2608 2457 9456 2867 6032 2457 9456 20 24 6 0 7 2 4 0 4 8 6 0 7 2 4 0 4 8 2867 6032 2867 6032 4 0 4 8 2457 9456 32 77 26 8 80 96 2024 80 96 32772608 4048 1 4048 8096 80 96 2024 80 96 32772608 32772608 2024 36869184 24579456 1068672 534336 40801 89696 21220 26368 32772608 2024 1661704 1505856 613272 1214400 38098 15680 38671 67744 32 77 26 8 2 0 2 4 36 86 91 84 24 57 94 56 16192 1 18216 12144 2 0 2 4 16192 1 18216 12144 32 77 26 8 40 48 2024 80 96 32772608 40 48 32772608 32772608 2024 32 77 26 8 2 0 2 4 36 86 91 84 24 57 94 56 8096 6072 8096 8096 14168 2024 16192 8096 2048 2880 3277 2608 4 0 4 8 8 0 9 6 52484344 65998592 42451376 94949888 59 69 78 80 70 27 32 80 80 96 36869184 20482880 32772608 20 24 36869184 40 48 32772608 433 136 3510765632 441 232 8096 16192 8 0 9 6 20 24 8 0 9 6 3277 2608 40 48 2024 40 48 80 96 8 0 9 6 20 24 8 0 9 6 3277 2608 3277 2608 20 24 3686 9184 2457 9456 
11 431
4048 1 8096 16192 4048 16192 16192 1 4048 16192 12144 14168 12144 1 6072 4048 6072 4048 14168 14168 4048 12144 32772608 4048 8096 10120 14168 18216 8096 10120 12144 6072 4048 14168 14168 4048 12144 32772608 4 0 4 8 20 24 4 0 4 8 8 0 9 6 6072 4048 14168 14168 4048 12144 32772608 3277 2608 20 24 3686 9184 2457 9456 8096 1 8096 16192 32 77 26 8 24 57 94 56 28 67 60 32 24 57 94 56 2 0 2 4 12144 1 14168 4048 8096 1 8096 16192 12144 1 14168 4048 8096 1 8096 16192 28 67 60 32 28 67 60 32 8096 1 8096 16192 24 57 94 56 3 2 7 7 2 6 16192 8 0 9 6 20 24 8 0 9 6 3277 2608 40 48 2024 40 48 80 96 8 0 9 6 20 24 8 0 9 6 3277 2608 3277 2608 20 24 3686 9184 2457 9456 2162992128 534 336 82581224 181544704 42949280 53368832 3277 2608 20 24 3363288896 3047852544 613 272 2457945600 77110352 31736320 78270104 137113856 3 2 7 7 2 6 16192 4048 1 4048 8096 3 6 8 6 9 1 8 4 2 4 5 7 9 4 5 6 32772608 2024 36869184 24579456 4048 1 4048 8096 32772608 2024 36869184 24579456 3 2 7 7 2 6 16192 4 0 4 8 20 24 8 0 9 6 3277 2608 4 0 4 8 3277 2608 3277 2608 20 24 3 2 7 7 2 6 16192 4048 1 4048 8096 3 6 8 6 9 1 8 4 2 4 5 7 9 4 5 6 80 96 60 72 80 96 80 96 28676032 20 24 32772608 80 96 20 48 28 80 32 77 26 8 8096 1 8096 16192 16192 1 18216 12144 5248 4344 6599 8592 4245 1376 9494 9888 5 9 6 9 7 8 8 0 7 0 2 7 3 2 8 0 8 0 9 6 3686 9184 2048 2880 3277 2608 2 0 2 4 3686 9184 4 0 4 8 3277 2608 876392 275264 35107 65632 892584 469568 80 96 32772608 16192 1 18216 12144 2 0 2 4 16192 1 18216 12144 32 77 26 8 4 0 4 8 20 24 4 0 4 8 8 0 9 6 16192 1 18216 12144 2 0 2 4 16192 1 18216 12144 32 77 26 8 32 77 26 8 2 0 2 4 36 86 91 84 24 57 94 56 
12 630
40 48 2024 80 96 32772608 40 48 32772608 32772608 2024 40 48 32772608 24579456 28676032 24579456 2024 60 72 40 48 60 72 40 48 28676032 28676032 40 48 24579456 3277 2608 40 48 80 96 20482880 28676032 36869184 80 96 20482880 24579456 60 72 40 48 28676032 28676032 40 48 24579456 3277 2608 8096 1 8096 16192 2 0 2 4 8096 1 8096 16192 16192 1 18216 12144 60 72 40 48 28676032 28676032 40 48 24579456 3277 2608 32 77 26 8 2 0 2 4 36 86 91 84 24 57 94 56 80 96 2024 80 96 32772608 3 2 7 7 2 6 16192 2 4 5 7 9 4 5 6 2 8 6 7 6 0 3 2 2 4 5 7 9 4 5 6 4048 1 4048 8096 24579456 2024 28676032 40 48 80 96 2024 80 96 32772608 24579456 2024 28676032 40 48 80 96 2024 80 96 32772608 2 8 6 7 6 0 3 2 2 8 6 7 6 0 3 2 80 96 2024 80 96 32772608 2 4 5 7 9 4 5 6 6072 4048 14168 14168 4048 12144 32772608 16192 1 18216 12144 2 0 2 4 16192 1 18216 12144 32 77 26 8 4 0 4 8 20 24 4 0 4 8 8 0 9 6 16192 1 18216 12144 2 0 2 4 16192 1 18216 12144 32 77 26 8 32 77 26 8 2 0 2 4 36 86 91 84 24 57 94 56 21629 92128 1080816 680064 8258 1224 367446480896 4294 9280 5336 8832 32 77 26 8 2 0 2 4 33632 88896 30478 52544 1240712 550528 24579 45600 7711 352 3173 6320 7827 104 277518444544 6072 4048 14168 14168 4048 12144 32772608 40 48 2024 40 48 80 96 6072 12144 16192 12144 18216 2024 16192 8096 4048 8096 10120 14168 18216 8096 10120 12144 3277 2608 20 24 3686 9184 2457 9456 40 48 2024 40 48 80 96 3277 2608 20 24 3686 9184 2457 9456 6072 4048 14168 14168 4048 12144 32772608 8096 1 8096 16192 2 0 2 4 16192 1 18216 12144 32 77 26 8 8096 1 8096 16192 32 77 26 8 32 77 26 8 2 0 2 4 6072 4048 14168 14168 4048 12144 32772608 40 48 2024 40 48 80 96 6072 12144 16192 12144 18216 2024 16192 8096 4048 8096 10120 14168 18216 8096 10120 12144 8 0 9 6 6 0 7 2 8 0 9 6 8 0 9 6 2867 6032 2 0 2 4 3277 2608 8 0 9 6 2 0 4 8 2 8 8 0 3 2 7 7 2 6 16192 80 96 2024 80 96 32772608 32772608 2024 36869184 24579456 52 48 43 44 65 99 85 92 42 45 13 76 94 94 98 88 10120 18216 12144 18216 14168 16192 16192 1 14168 1 4048 14168 6072 4048 16192 1 16192 1 18216 12144 36 86 91 84 20 48 28 80 32 77 26 8 4048 1 4048 8096 36 86 91 84 8096 1 8096 16192 32 77 26 8 876 392 275 264 71056568 132839168 892 584 469 568 8 0 9 6 3277 2608 32772608 2024 36869184 24579456 4048 1 4048 8096 32772608 2024 36869184 24579456 3 2 7 7 2 6 16192 8096 1 8096 16192 2 0 2 4 8096 1 8096 16192 16192 1 18216 12144 32772608 2024 36869184 24579456 4048 1 4048 8096 32772608 2024 36869184 24579456 3 2 7 7 2 6 16192 3 2 7 7 2 6 16192 4048 1 4048 8096 3 6 8 6 9 1 8 4 2 4 5 7 9 4 5 6 
13 950
4 0 4 8 20 24 8 0 9 6 3277 2608 4 0 4 8 3277 2608 3277 2608 20 24 4 0 4 8 3277 2608 2457 9456 2867 6032 2457 9456 20 24 6 0 7 2 4 0 4 8 6 0 7 2 4 0 4 8 2867 6032 2867 6032 4 0 4 8 2457 9456 32 77 26 8 4 0 4 8 8 0 9 6 2048 2880 2867 6032 3686 9184 8 0 9 6 2048 2880 2457 9456 6 0 7 2 4 0 4 8 2867 6032 2867 6032 4 0 4 8 2457 9456 32 77 26 8 80 96 2024 80 96 32772608 4048 1 4048 8096 80 96 2024 80 96 32772608 32772608 2024 36869184 24579456 6 0 7 2 4 0 4 8 2867 6032 2867 6032 4 0 4 8 2457 9456 32 77 26 8 3 2 7 7 2 6 16192 4048 1 4048 8096 3 6 8 6 9 1 8 4 2 4 5 7 9 4 5 6 8 0 9 6 20 24 8 0 9 6 3277 2608 6072 4048 14168 14168 4048 12144 32772608 4048 8096 10120 14168 18216 8096 10120 12144 4048 16192 12144 14168 12144 1 6072 4048 4048 8096 10120 14168 18216 8096 10120 12144 40 48 2024 40 48 80 96 2457 9456 20 24 2867 6032 4 0 4 8 8 0 9 6 20 24 8 0 9 6 3277 2608 2457 9456 20 24 2867 6032 4 0 4 8 8 0 9 6 20 24 8 0 9 6 3277 2608 4048 16192 12144 14168 12144 1 6072 4048 4048 16192 12144 14168 12144 1 6072 4048 8 0 9 6 20 24 8 0 9 6 3277 2608 4048 8096 10120 14168 18216 8096 10120 12144 60 72 40 48 28676032 28676032 40 48 24579456 3277 2608 32772608 2024 36869184 24579456 4048 1 4048 8096 32772608 2024 36869184 24579456 3 2 7 7 2 6 16192 8096 1 8096 16192 2 0 2 4 8096 1 8096 16192 16192 1 18216 12144 32772608 2024 36869184 24579456 4048 1 4048 8096 32772608 2024 36869184 24579456 3 2 7 7 2 6 16192 3 2 7 7 2 6 16192 4048 1 4048 8096 3 6 8 6 9 1 8 4 2 4 5 7 9 4 5 6 43777096 186467072 2187571584 680 64 82 58 12 24 367446 480896 42 94 92 80 53 36 88 32 3 2 7 7 2 6 16192 4048 1 4048 8096 68071168 179925504 61687472 106349056 2511201088 550 528 49747896 92294400 77 11 712448 31 73 63 20 78 27 210496 277518 444544 60 72 40 48 28676032 28676032 40 48 24579456 3277 2608 4 0 4 8 20 24 4 0 4 8 8 0 9 6 60 72 24579456 32772608 24579456 36869184 20 24 32772608 80 96 40 48 80 96 20482880 28676032 36869184 80 96 20482880 24579456 32 77 26 8 2 0 2 4 36 86 91 84 24 57 94 56 4 0 4 8 20 24 4 0 4 8 8 0 9 6 32 77 26 8 2 0 2 4 36 86 91 84 24 57 94 56 60 72 40 48 28676032 28676032 40 48 24579456 3277 2608 80 96 2024 80 96 32772608 4048 1 4048 8096 32772608 2024 36869184 24579456 3 2 7 7 2 6 16192 80 96 2024 80 96 32772608 3 2 7 7 2 6 16192 3 2 7 7 2 6 16192 4048 1 4048 8096 60 72 40 48 28676032 28676032 40 48 24579456 3277 2608 4 0 4 8 20 24 4 0 4 8 8 0 9 6 60 72 24579456 32772608 24579456 36869184 20 24 32772608 80 96 40 48 80 96 20482880 28676032 36869184 80 96 20482880 24579456 16192 1 18216 12144 12144 1 14168 4048 16192 1 18216 12144 16192 1 18216 12144 28 67 60 32 4048 1 4048 8096 32 77 26 8 16192 1 18216 12144 4048 1 8096 16192 4048 16192 16192 1 6072 4048 14168 14168 4048 12144 32772608 8 0 9 6 20 24 8 0 9 6 3277 2608 3277 2608 20 24 3686 9184 2457 9456 5 2 4 8 4 3 4 4 6 5 9 9 8 5 9 2 4 2 4 5 1 3 7 6 9 4 9 4 9 8 8 8 20482880 36869184 24579456 36869184 28676032 32772608 32772608 2024 28676032 2024 40 48 28676032 60 72 40 48 32772608 2024 32772608 2024 36869184 24579456 3 6 8 6 9 1 8 4 2 0 4 8 2 8 8 0 3 2 7 7 2 6 16192 40 48 2024 40 48 80 96 3 6 8 6 9 1 8 4 80 96 2024 80 96 32772608 3 2 7 7 2 6 16192 1773024 793408 556600 534336 7105 6568 268866476032 1805408 1182016 949256 1149632 16192 1 18216 12144 32 77 26 8 3277 2608 20 24 3686 9184 2457 9456 40 48 2024 40 48 80 96 3277 2608 20 24 3686 9184 2457 9456 6072 4048 14168 14168 4048 12144 32772608 80 96 2024 80 96 32772608 4048 1 4048 8096 80 96 2024 80 96 32772608 32772608 2024 36869184 24579456 3277 2608 20 24 3686 9184 2457 9456 40 48 2024 40 48 80 96 3277 2608 20 24 3686 9184 2457 9456 6072 4048 14168 14168 4048 12144 32772608 6072 4048 14168 14168 4048 12144 32772608 40 48 2024 40 48 80 96 6072 12144 16192 12144 18216 2024 16192 8096 4048 8096 10120 14168 18216 8096 10120 12144 
14 1456
8096 1 8096 16192 2 0 2 4 16192 1 18216 12144 32 77 26 8 8096 1 8096 16192 32 77 26 8 32 77 26 8 2 0 2 4 8096 1 8096 16192 32 77 26 8 24 57 94 56 28 67 60 32 24 57 94 56 2 0 2 4 12144 1 14168 4048 8096 1 8096 16192 12144 1 14168 4048 8096 1 8096 16192 28 67 60 32 28 67 60 32 8096 1 8096 16192 24 57 94 56 3 2 7 7 2 6 16192 8096 1 8096 16192 16192 1 18216 12144 20 48 28 80 28 67 60 32 36 86 91 84 16192 1 18216 12144 20 48 28 80 24 57 94 56 12144 1 14168 4048 8096 1 8096 16192 28 67 60 32 28 67 60 32 8096 1 8096 16192 24 57 94 56 3 2 7 7 2 6 16192 8 0 9 6 20 24 8 0 9 6 3277 2608 40 48 2024 40 48 80 96 8 0 9 6 20 24 8 0 9 6 3277 2608 3277 2608 20 24 3686 9184 2457 9456 12144 1 14168 4048 8096 1 8096 16192 28 67 60 32 28 67 60 32 8096 1 8096 16192 24 57 94 56 3 2 7 7 2 6 16192 6072 4048 14168 14168 4048 12144 32772608 40 48 2024 40 48 80 96 6072 12144 16192 12144 18216 2024 16192 8096 4048 8096 10120 14168 18216 8096 10120 12144 16192 1 18216 12144 2 0 2 4 16192 1 18216 12144 32 77 26 8 60 72 40 48 28676032 28676032 40 48 24579456 3277 2608 40 48 80 96 20482880 28676032 36869184 80 96 20482880 24579456 40 48 32772608 24579456 28676032 24579456 2024 60 72 40 48 40 48 80 96 20482880 28676032 36869184 80 96 20482880 24579456 4 0 4 8 20 24 4 0 4 8 8 0 9 6 24 57 94 56 2 0 2 4 28 67 60 32 8096 1 8096 16192 16192 1 18216 12144 2 0 2 4 16192 1 18216 12144 32 77 26 8 24 57 94 56 2 0 2 4 28 67 60 32 8096 1 8096 16192 16192 1 18216 12144 2 0 2 4 16192 1 18216 12144 32 77 26 8 40 48 32772608 24579456 28676032 24579456 2024 60 72 40 48 40 48 32772608 24579456 28676032 24579456 2024 60 72 40 48 16192 1 18216 12144 2 0 2 4 16192 1 18216 12144 32 77 26 8 40 48 80 96 20482880 28676032 36869184 80 96 20482880 24579456 6 0 7 2 4 0 4 8 2867 6032 2867 6032 4 0 4 8 2457 9456 32 77 26 8 3277 2608 20 24 3686 9184 2457 9456 40 48 2024 40 48 80 96 3277 2608 20 24 3686 9184 2457 9456 6072 4048 14168 14168 4048 12144 32772608 80 96 2024 80 96 32772608 4048 1 4048 8096 80 96 2024 80 96 32772608 32772608 2024 36869184 24579456 3277 2608 20 24 3686 9184 2457 9456 40 48 2024 40 48 80 96 3277 2608 20 24 3686 9184 2457 9456 6072 4048 14168 14168 4048 12144 32772608 6072 4048 14168 14168 4048 12144 32772608 40 48 2024 40 48 80 96 6072 12144 16192 12144 18216 2024 16192 8096 4048 8096 10120 14168 18216 8096 10120 12144 4377 7096 377409353728 21875 71584 1376320 6 4 8 2 5 8 1 2 2 4 367 446 480 896 4 2 9 4 9 2 8 0 5 3 3 6 8 8 3 2 6072 4048 14168 14168 4048 12144 32772608 40 48 2024 40 48 80 96 6807 1168 364169220096 6168 7472 215250489344 25112 1088 1113200 1068672 4974 7896 9229 4400 7 7 1 1 712 448 3 1 7 3 6 3 2 0 7 8 2 7 210 496 277 518 444 544 6 0 7 2 4 0 4 8 2867 6032 2867 6032 4 0 4 8 2457 9456 32 77 26 8 8096 1 8096 16192 2 0 2 4 8096 1 8096 16192 16192 1 18216 12144 6 0 7 2 2457 9456 3277 2608 2457 9456 3686 9184 2 0 2 4 3277 2608 8 0 9 6 4 0 4 8 8 0 9 6 2048 2880 2867 6032 3686 9184 8 0 9 6 2048 2880 2457 9456 3 2 7 7 2 6 16192 4048 1 4048 8096 3 6 8 6 9 1 8 4 2 4 5 7 9 4 5 6 8096 1 8096 16192 2 0 2 4 8096 1 8096 16192 16192 1 18216 12144 3 2 7 7 2 6 16192 4048 1 4048 8096 3 6 8 6 9 1 8 4 2 4 5 7 9 4 5 6 6 0 7 2 4 0 4 8 2867 6032 2867 6032 4 0 4 8 2457 9456 32 77 26 8 8 0 9 6 20 24 8 0 9 6 3277 2608 40 48 2024 40 48 80 96 3277 2608 20 24 3686 9184 2457 9456 6072 4048 14168 14168 4048 12144 32772608 8 0 9 6 20 24 8 0 9 6 3277 2608 6072 4048 14168 14168 4048 12144 32772608 6072 4048 14168 14168 4048 12144 32772608 40 48 2024 40 48 80 96 6 0 7 2 4 0 4 8 2867 6032 2867 6032 4 0 4 8 2457 9456 32 77 26 8 8096 1 8096 16192 2 0 2 4 8096 1 8096 16192 16192 1 18216 12144 6 0 7 2 2457 9456 3277 2608 2457 9456 3686 9184 2 0 2 4 3277 2608 8 0 9 6 4 0 4 8 8 0 9 6 2048 2880 2867 6032 3686 9184 8 0 9 6 2048 2880 2457 9456 32772608 2024 36869184 24579456 24579456 2024 28676032 40 48 32772608 2024 36869184 24579456 32772608 2024 36869184 24579456 2 8 6 7 6 0 3 2 40 48 2024 40 48 80 96 3 2 7 7 2 6 16192 32772608 2024 36869184 24579456 40 48 2024 80 96 32772608 40 48 32772608 32772608 2024 60 72 40 48 28676032 28676032 40 48 24579456 3277 2608 16192 1 18216 12144 2 0 2 4 16192 1 18216 12144 32 77 26 8 32 77 26 8 2 0 2 4 36 86 91 84 24 57 94 56 10120 4048 8096 16192 8096 6072 8096 8096 12144 10120 18216 18216 16192 10120 18216 4048 8096 4048 8096 10120 2024 6072 14168 12144 18216 8096 18216 8096 18216 16192 16192 16192 2048 2880 3686 9184 2457 9456 3686 9184 2867 6032 3277 2608 3277 2608 20 24 2867 6032 20 24 4 0 4 8 2867 6032 6 0 7 2 4 0 4 8 3277 2608 20 24 3277 2608 20 24 3686 9184 2457 9456 6072 12144 16192 12144 18216 2024 16192 8096 4048 1 8096 16192 4048 16192 16192 1 6072 4048 14168 14168 4048 12144 32772608 4 0 4 8 20 24 4 0 4 8 8 0 9 6 6072 12144 16192 12144 18216 2024 16192 8096 8 0 9 6 20 24 8 0 9 6 3277 2608 6072 4048 14168 14168 4048 12144 32772608 3588600576 793 408 556 600 534 336 71 5 65 68 268866 476032 3654145792 2392400384 949 256 2326855168 32772608 2024 36869184 24579456 3 2 7 7 2 6 16192 32 77 26 8 2 0 2 4 36 86 91 84 24 57 94 56 4 0 4 8 20 24 4 0 4 8 8 0 9 6 32 77 26 8 2 0 2 4 36 86 91 84 24 57 94 56 60 72 40 48 28676032 28676032 40 48 24579456 3277 2608 8 0 9 6 20 24 8 0 9 6 3277 2608 40 48 2024 40 48 80 96 8 0 9 6 20 24 8 0 9 6 3277 2608 3277 2608 20 24 3686 9184 2457 9456 32 77 26 8 2 0 2 4 36 86 91 84 24 57 94 56 4 0 4 8 20 24 4 0 4 8 8 0 9 6 32 77 26 8 2 0 2 4 36 86 91 84 24 57 94 56 60 72 40 48 28676032 28676032 40 48 24579456 3277 2608 60 72 40 48 28676032 28676032 40 48 24579456 3277 2608 4 0 4 8 20 24 4 0 4 8 8 0 9 6 60 72 24579456 32772608 24579456 36869184 20 24 32772608 80 96 40 48 80 96 20482880 28676032 36869184 80 96 20482880 24579456 
15 2240
80 96 2024 80 96 32772608 4048 1 4048 8096 32772608 2024 36869184 24579456 3 2 7 7 2 6 16192 80 96 2024 80 96 32772608 3 2 7 7 2 6 16192 3 2 7 7 2 6 16192 4048 1 4048 8096 80 96 2024 80 96 32772608 3 2 7 7 2 6 16192 2 4 5 7 9 4 5 6 2 8 6 7 6 0 3 2 2 4 5 7 9 4 5 6 4048 1 4048 8096 24579456 2024 28676032 40 48 80 96 2024 80 96 32772608 24579456 2024 28676032 40 48 80 96 2024 80 96 32772608 2 8 6 7 6 0 3 2 2 8 6 7 6 0 3 2 80 96 2024 80 96 32772608 2 4 5 7 9 4 5 6 6072 4048 14168 14168 4048 12144 32772608 80 96 2024 80 96 32772608 32772608 2024 36869184 24579456 2 0 4 8 2 8 8 0 2 8 6 7 6 0 3 2 3 6 8 6 9 1 8 4 32772608 2024 36869184 24579456 2 0 4 8 2 8 8 0 2 4 5 7 9 4 5 6 24579456 2024 28676032 40 48 80 96 2024 80 96 32772608 2 8 6 7 6 0 3 2 2 8 6 7 6 0 3 2 80 96 2024 80 96 32772608 2 4 5 7 9 4 5 6 6072 4048 14168 14168 4048 12144 32772608 16192 1 18216 12144 2 0 2 4 16192 1 18216 12144 32 77 26 8 4 0 4 8 20 24 4 0 4 8 8 0 9 6 16192 1 18216 12144 2 0 2 4 16192 1 18216 12144 32 77 26 8 32 77 26 8 2 0 2 4 36 86 91 84 24 57 94 56 24579456 2024 28676032 40 48 80 96 2024 80 96 32772608 2 8 6 7 6 0 3 2 2 8 6 7 6 0 3 2 80 96 2024 80 96 32772608 2 4 5 7 9 4 5 6 6072 4048 14168 14168 4048 12144 32772608 60 72 40 48 28676032 28676032 40 48 24579456 3277 2608 4 0 4 8 20 24 4 0 4 8 8 0 9 6 60 72 24579456 32772608 24579456 36869184 20 24 32772608 80 96 40 48 80 96 20482880 28676032 36869184 80 96 20482880 24579456 32772608 2024 36869184 24579456 4048 1 4048 8096 32772608 2024 36869184 24579456 3 2 7 7 2 6 16192 6 0 7 2 4 0 4 8 2867 6032 2867 6032 4 0 4 8 2457 9456 32 77 26 8 4 0 4 8 8 0 9 6 2048 2880 2867 6032 3686 9184 8 0 9 6 2048 2880 2457 9456 4 0 4 8 3277 2608 2457 9456 2867 6032 2457 9456 20 24 6 0 7 2 4 0 4 8 4 0 4 8 8 0 9 6 2048 2880 2867 6032 3686 9184 8 0 9 6 2048 2880 2457 9456 8096 1 8096 16192 2 0 2 4 8096 1 8096 16192 16192 1 18216 12144 2 4 5 7 9 4 5 6 4048 1 4048 8096 2 8 6 7 6 0 3 2 80 96 2024 80 96 32772608 32772608 2024 36869184 24579456 4048 1 4048 8096 32772608 2024 36869184 24579456 3 2 7 7 2 6 16192 2 4 5 7 9 4 5 6 4048 1 4048 8096 2 8 6 7 6 0 3 2 80 96 2024 80 96 32772608 32772608 2024 36869184 24579456 4048 1 4048 8096 32772608 2024 36869184 24579456 3 2 7 7 2 6 16192 4 0 4 8 3277 2608 2457 9456 2867 6032 2457 9456 20 24 6 0 7 2 4 0 4 8 4 0 4 8 3277 2608 2457 9456 2867 6032 2457 9456 20 24 6 0 7 2 4 0 4 8 32772608 2024 36869184 24579456 4048 1 4048 8096 32772608 2024 36869184 24579456 3 2 7 7 2 6 16192 4 0 4 8 8 0 9 6 2048 2880 2867 6032 3686 9184 8 0 9 6 2048 2880 2457 9456 12144 1 14168 4048 8096 1 8096 16192 28 67 60 32 28 67 60 32 8096 1 8096 16192 24 57 94 56 3 2 7 7 2 6 16192 32 77 26 8 2 0 2 4 36 86 91 84 24 57 94 56 4 0 4 8 20 24 4 0 4 8 8 0 9 6 32 77 26 8 2 0 2 4 36 86 91 84 24 57 94 56 60 72 40 48 28676032 28676032 40 48 24579456 3277 2608 8 0 9 6 20 24 8 0 9 6 3277 2608 40 48 2024 40 48 80 96 8 0 9 6 20 24 8 0 9 6 3277 2608 3277 2608 20 24 3686 9184 2457 9456 32 77 26 8 2 0 2 4 36 86 91 84 24 57 94 56 4 0 4 8 20 24 4 0 4 8 8 0 9 6 32 77 26 8 2 0 2 4 36 86 91 84 24 57 94 56 60 72 40 48 28676032 28676032 40 48 24579456 3277 2608 60 72 40 48 28676032 28676032 40 48 24579456 3277 2608 4 0 4 8 20 24 4 0 4 8 8 0 9 6 60 72 24579456 32772608 24579456 36869184 20 24 32772608 80 96 40 48 80 96 20482880 28676032 36869184 80 96 20482880 24579456 43 77 70 96 377409 353728 44275000 144886016 2785671680 12144 8096 16192 4048 10120 16192 2024 4048 4048 8096 742808 902704 971520 1813504 8096 4048 18216 8096 18216 4048 16192 1 10120 6072 6072 12144 16192 16192 6072 4048 60 72 40 48 28676032 28676032 40 48 24579456 3277 2608 4 0 4 8 20 24 4 0 4 8 8 0 9 6 68 7 11 68 364169 220096 61 68 74 72 215250 489344 50826688 10 88 2253116800 2162992128 49 74 78 96 92 29 44 0 14168 14168 2024 2024 1441088 906752 6072 2024 14168 6072 12144 6072 4048 1 14168 16192 4048 14168 425040 1003904 560648 1048432 898656 1101056 12144 1 14168 4048 8096 1 8096 16192 28 67 60 32 28 67 60 32 8096 1 8096 16192 24 57 94 56 3 2 7 7 2 6 16192 80 96 2024 80 96 32772608 4048 1 4048 8096 80 96 2024 80 96 32772608 32772608 2024 36869184 24579456 12144 1 14168 4048 24 57 94 56 32 77 26 8 24 57 94 56 36 86 91 84 4048 1 4048 8096 32 77 26 8 16192 1 18216 12144 8096 1 8096 16192 16192 1 18216 12144 20 48 28 80 28 67 60 32 36 86 91 84 16192 1 18216 12144 20 48 28 80 24 57 94 56 6072 4048 14168 14168 4048 12144 32772608 40 48 2024 40 48 80 96 6072 12144 16192 12144 18216 2024 16192 8096 4048 8096 10120 14168 18216 8096 10120 12144 80 96 2024 80 96 32772608 4048 1 4048 8096 80 96 2024 80 96 32772608 32772608 2024 36869184 24579456 6072 4048 14168 14168 4048 12144 32772608 40 48 2024 40 48 80 96 6072 12144 16192 12144 18216 2024 16192 8096 4048 8096 10120 14168 18216 8096 10120 12144 12144 1 14168 4048 8096 1 8096 16192 28 67 60 32 28 67 60 32 8096 1 8096 16192 24 57 94 56 3 2 7 7 2 6 16192 16192 1 18216 12144 2 0 2 4 16192 1 18216 12144 32 77 26 8 4 0 4 8 20 24 4 0 4 8 8 0 9 6 32 77 26 8 2 0 2 4 36 86 91 84 24 57 94 56 60 72 40 48 28676032 28676032 40 48 24579456 3277 2608 16192 1 18216 12144 2 0 2 4 16192 1 18216 12144 32 77 26 8 60 72 40 48 28676032 28676032 40 48 24579456 3277 2608 60 72 40 48 28676032 28676032 40 48 24579456 3277 2608 4 0 4 8 20 24 4 0 4 8 8 0 9 6 12144 1 14168 4048 8096 1 8096 16192 28 67 60 32 28 67 60 32 8096 1 8096 16192 24 57 94 56 3 2 7 7 2 6 16192 80 96 2024 80 96 32772608 4048 1 4048 8096 80 96 2024 80 96 32772608 32772608 2024 36869184 24579456 12144 1 14168 4048 24 57 94 56 32 77 26 8 24 57 94 56 36 86 91 84 4048 1 4048 8096 32 77 26 8 16192 1 18216 12144 8096 1 8096 16192 16192 1 18216 12144 20 48 28 80 28 67 60 32 36 86 91 84 16192 1 18216 12144 20 48 28 80 24 57 94 56 3277 2608 20 24 3686 9184 2457 9456 2457 9456 20 24 2867 6032 4 0 4 8 3277 2608 20 24 3686 9184 2457 9456 3277 2608 20 24 3686 9184 2457 9456 4048 16192 12144 14168 12144 1 6072 4048 4 0 4 8 20 24 4 0 4 8 8 0 9 6 6072 4048 14168 14168 4048 12144 32772608 3277 2608 20 24 3686 9184 2457 9456 4 0 4 8 20 24 8 0 9 6 3277 2608 4 0 4 8 3277 2608 3277 2608 20 24 6 0 7 2 4 0 4 8 2867 6032 2867 6032 4 0 4 8 2457 9456 32 77 26 8 32772608 2024 36869184 24579456 4048 1 4048 8096 32772608 2024 36869184 24579456 3 2 7 7 2 6 16192 3 2 7 7 2 6 16192 4048 1 4048 8096 3 6 8 6 9 1 8 4 2 4 5 7 9 4 5 6 20482880 40 48 80 96 32772608 80 96 60 72 80 96 80 96 24579456 20482880 36869184 36869184 32772608 20482880 36869184 40 48 80 96 40 48 80 96 20482880 20 24 60 72 28676032 24579456 36869184 80 96 36869184 80 96 36869184 32772608 32772608 32772608 20 48 28 80 36 86 91 84 24 57 94 56 36 86 91 84 28 67 60 32 32 77 26 8 32 77 26 8 2 0 2 4 28 67 60 32 2 0 2 4 8096 1 8096 16192 28 67 60 32 12144 1 14168 4048 8096 1 8096 16192 32 77 26 8 2 0 2 4 32 77 26 8 2 0 2 4 36 86 91 84 24 57 94 56 60 72 24579456 32772608 24579456 36869184 20 24 32772608 80 96 40 48 2024 80 96 32772608 40 48 32772608 32772608 2024 60 72 40 48 28676032 28676032 40 48 24579456 3277 2608 8096 1 8096 16192 2 0 2 4 8096 1 8096 16192 16192 1 18216 12144 60 72 24579456 32772608 24579456 36869184 20 24 32772608 80 96 16192 1 18216 12144 2 0 2 4 16192 1 18216 12144 32 77 26 8 60 72 40 48 28676032 28676032 40 48 24579456 3277 2608 35886 576 1605032 825792 1125344 1214400 1080816 680064 7 1 10120 6 5 6 8 268 866 476 32 36541 45792 23924 384 1920776 518144 23268 55168 3277 2608 20 24 3686 9184 2457 9456 6072 4048 14168 14168 4048 12144 32772608 3 2 7 7 2 6 16192 4048 1 4048 8096 3 6 8 6 9 1 8 4 2 4 5 7 9 4 5 6 8096 1 8096 16192 2 0 2 4 8096 1 8096 16192 16192 1 18216 12144 3 2 7 7 2 6 16192 4048 1 4048 8096 3 6 8 6 9 1 8 4 2 4 5 7 9 4 5 6 6 0 7 2 4 0 4 8 2867 6032 2867 6032 4 0 4 8 2457 9456 32 77 26 8 16192 1 18216 12144 2 0 2 4 16192 1 18216 12144 32 77 26 8 4 0 4 8 20 24 4 0 4 8 8 0 9 6 16192 1 18216 12144 2 0 2 4 16192 1 18216 12144 32 77 26 8 32 77 26 8 2 0 2 4 36 86 91 84 24 57 94 56 3 2 7 7 2 6 16192 4048 1 4048 8096 3 6 8 6 9 1 8 4 2 4 5 7 9 4 5 6 8096 1 8096 16192 2 0 2 4 8096 1 8096 16192 16192 1 18216 12144 3 2 7 7 2 6 16192 4048 1 4048 8096 3 6 8 6 9 1 8 4 2 4 5 7 9 4 5 6 6 0 7 2 4 0 4 8 2867 6032 2867 6032 4 0 4 8 2457 9456 32 77 26 8 6 0 7 2 4 0 4 8 2867 6032 2867 6032 4 0 4 8 2457 9456 32 77 26 8 8096 1 8096 16192 2 0 2 4 8096 1 8096 16192 16192 1 18216 12144 6 0 7 2 2457 9456 3277 2608 2457 9456 3686 9184 2 0 2 4 3277 2608 8 0 9 6 4 0 4 8 8 0 9 6 2048 2880 2867 6032 3686 9184 8 0 9 6 2048 2880 2457 9456 
16 3397
8 0 9 6 20 24 8 0 9 6 3277 2608 40 48 2024 40 48 80 96 3277 2608 20 24 3686 9184 2457 9456 6072 4048 14168 14168 4048 12144 32772608 8 0 9 6 20 24 8 0 9 6 3277 2608 6072 4048 14168 14168 4048 12144 32772608 6072 4048 14168 14168 4048 12144 32772608 40 48 2024 40 48 80 96 8 0 9 6 20 24 8 0 9 6 3277 2608 6072 4048 14168 14168 4048 12144 32772608 4048 8096 10120 14168 18216 8096 10120 12144 4048 16192 12144 14168 12144 1 6072 4048 4048 8096 10120 14168 18216 8096 10120 12144 40 48 2024 40 48 80 96 2457 9456 20 24 2867 6032 4 0 4 8 8 0 9 6 20 24 8 0 9 6 3277 2608 2457 9456 20 24 2867 6032 4 0 4 8 8 0 9 6 20 24 8 0 9 6 3277 2608 4048 16192 12144 14168 12144 1 6072 4048 4048 16192 12144 14168 12144 1 6072 4048 8 0 9 6 20 24 8 0 9 6 3277 2608 4048 8096 10120 14168 18216 8096 10120 12144 60 72 40 48 28676032 28676032 40 48 24579456 3277 2608 8 0 9 6 20 24 8 0 9 6 3277 2608 3277 2608 20 24 3686 9184 2457 9456 4048 1 8096 16192 4048 16192 16192 1 4048 16192 12144 14168 12144 1 6072 4048 6072 12144 16192 12144 18216 2024 16192 8096 3277 2608 20 24 3686 9184 2457 9456 4048 1 8096 16192 4048 16192 16192 1 4048 8096 10120 14168 18216 8096 10120 12144 2457 9456 20 24 2867 6032 4 0 4 8 8 0 9 6 20 24 8 0 9 6 3277 2608 4048 16192 12144 14168 12144 1 6072 4048 4048 16192 12144 14168 12144 1 6072 4048 8 0 9 6 20 24 8 0 9 6 3277 2608 4048 8096 10120 14168 18216 8096 10120 12144 60 72 40 48 28676032 28676032 40 48 24579456 3277 2608 32772608 2024 36869184 24579456 4048 1 4048 8096 32772608 2024 36869184 24579456 3 2 7 7 2 6 16192 8096 1 8096 16192 2 0 2 4 8096 1 8096 16192 16192 1 18216 12144 32772608 2024 36869184 24579456 4048 1 4048 8096 32772608 2024 36869184 24579456 3 2 7 7 2 6 16192 3 2 7 7 2 6 16192 4048 1 4048 8096 3 6 8 6 9 1 8 4 2 4 5 7 9 4 5 6 2457 9456 20 24 2867 6032 4 0 4 8 8 0 9 6 20 24 8 0 9 6 3277 2608 4048 16192 12144 14168 12144 1 6072 4048 4048 16192 12144 14168 12144 1 6072 4048 8 0 9 6 20 24 8 0 9 6 3277 2608 4048 8096 10120 14168 18216 8096 10120 12144 60 72 40 48 28676032 28676032 40 48 24579456 3277 2608 6 0 7 2 4 0 4 8 2867 6032 2867 6032 4 0 4 8 2457 9456 32 77 26 8 8096 1 8096 16192 2 0 2 4 8096 1 8096 16192 16192 1 18216 12144 6 0 7 2 2457 9456 3277 2608 2457 9456 3686 9184 2 0 2 4 3277 2608 8 0 9 6 4 0 4 8 8 0 9 6 2048 2880 2867 6032 3686 9184 8 0 9 6 2048 2880 2457 9456 3277 2608 20 24 3686 9184 2457 9456 40 48 2024 40 48 80 96 3277 2608 20 24 3686 9184 2457 9456 6072 4048 14168 14168 4048 12144 32772608 12144 1 14168 4048 8096 1 8096 16192 28 67 60 32 28 67 60 32 8096 1 8096 16192 24 57 94 56 3 2 7 7 2 6 16192 8096 1 8096 16192 16192 1 18216 12144 20 48 28 80 28 67 60 32 36 86 91 84 16192 1 18216 12144 20 48 28 80 24 57 94 56 8096 1 8096 16192 32 77 26 8 24 57 94 56 28 67 60 32 24 57 94 56 2 0 2 4 12144 1 14168 4048 8096 1 8096 16192 8096 1 8096 16192 16192 1 18216 12144 20 48 28 80 28 67 60 32 36 86 91 84 16192 1 18216 12144 20 48 28 80 24 57 94 56 80 96 2024 80 96 32772608 4048 1 4048 8096 80 96 2024 80 96 32772608 32772608 2024 36869184 24579456 4048 8096 10120 14168 18216 8096 10120 12144 40 48 2024 40 48 80 96 4048 16192 12144 14168 12144 1 6072 4048 8 0 9 6 20 24 8 0 9 6 3277 2608 3277 2608 20 24 3686 9184 2457 9456 40 48 2024 40 48 80 96 3277 2608 20 24 3686 9184 2457 9456 6072 4048 14168 14168 4048 12144 32772608 4048 8096 10120 14168 18216 8096 10120 12144 40 48 2024 40 48 80 96 4048 16192 12144 14168 12144 1 6072 4048 8 0 9 6 20 24 8 0 9 6 3277 2608 3277 2608 20 24 3686 9184 2457 9456 40 48 2024 40 48 80 96 3277 2608 20 24 3686 9184 2457 9456 6072 4048 14168 14168 4048 12144 32772608 8096 1 8096 16192 32 77 26 8 24 57 94 56 28 67 60 32 24 57 94 56 2 0 2 4 12144 1 14168 4048 8096 1 8096 16192 8096 1 8096 16192 32 77 26 8 24 57 94 56 28 67 60 32 24 57 94 56 2 0 2 4 12144 1 14168 4048 8096 1 8096 16192 3277 2608 20 24 3686 9184 2457 9456 40 48 2024 40 48 80 96 3277 2608 20 24 3686 9184 2457 9456 6072 4048 14168 14168 4048 12144 32772608 8096 1 8096 16192 16192 1 18216 12144 20 48 28 80 28 67 60 32 36 86 91 84 16192 1 18216 12144 20 48 28 80 24 57 94 56 24579456 2024 28676032 40 48 80 96 2024 80 96 32772608 2 8 6 7 6 0 3 2 2 8 6 7 6 0 3 2 80 96 2024 80 96 32772608 2 4 5 7 9 4 5 6 6072 4048 14168 14168 4048 12144 32772608 3 2 7 7 2 6 16192 4048 1 4048 8096 3 6 8 6 9 1 8 4 2 4 5 7 9 4 5 6 8096 1 8096 16192 2 0 2 4 8096 1 8096 16192 16192 1 18216 12144 3 2 7 7 2 6 16192 4048 1 4048 8096 3 6 8 6 9 1 8 4 2 4 5 7 9 4 5 6 6 0 7 2 4 0 4 8 2867 6032 2867 6032 4 0 4 8 2457 9456 32 77 26 8 16192 1 18216 12144 2 0 2 4 16192 1 18216 12144 32 77 26 8 4 0 4 8 20 24 4 0 4 8 8 0 9 6 16192 1 18216 12144 2 0 2 4 16192 1 18216 12144 32 77 26 8 32 77 26 8 2 0 2 4 36 86 91 84 24 57 94 56 3 2 7 7 2 6 16192 4048 1 4048 8096 3 6 8 6 9 1 8 4 2 4 5 7 9 4 5 6 8096 1 8096 16192 2 0 2 4 8096 1 8096 16192 16192 1 18216 12144 3 2 7 7 2 6 16192 4048 1 4048 8096 3 6 8 6 9 1 8 4 2 4 5 7 9 4 5 6 6 0 7 2 4 0 4 8 2867 6032 2867 6032 4 0 4 8 2457 9456 32 77 26 8 6 0 7 2 4 0 4 8 2867 6032 2867 6032 4 0 4 8 2457 9456 32 77 26 8 8096 1 8096 16192 2 0 2 4 8096 1 8096 16192 16192 1 18216 12144 6 0 7 2 2457 9456 3277 2608 2457 9456 3686 9184 2 0 2 4 3277 2608 8 0 9 6 4 0 4 8 8 0 9 6 2048 2880 2867 6032 3686 9184 8 0 9 6 2048 2880 2457 9456 4 3 7 7 7 0 9 6 377 409 353 728 4427 5000 293249296384 27856 71680 24579456 80 96 32772608 40 48 20482880 32772608 20 24 40 48 40 48 80 96 742 808 902 704 971 520 3670532096 80 96 40 48 36869184 80 96 36869184 40 48 32772608 2024 20482880 60 72 60 72 24579456 32772608 32772608 60 72 40 48 6 0 7 2 4 0 4 8 2867 6032 2867 6032 4 0 4 8 2457 9456 32 77 26 8 8096 1 8096 16192 2 0 2 4 8096 1 8096 16192 16192 1 18216 12144 6 8 14168 1 1 6 8 364 169 220 96 6 1 6 8 7 4 7 2 215 250 489 344 5082 6688 1 0 8 8 22531 16800 21629 92128 4 9 7 4 7 8 9 6 9 2 2 9 4 4 1 28676032 28676032 20 24 20 24 2916762112 906 752 60 72 20 24 28676032 60 72 24579456 60 72 40 48 2024 28676032 32772608 40 48 28676032 425 40 2031901696 560 648 2122026368 898 656 2228537344 24579456 2024 28676032 40 48 80 96 2024 80 96 32772608 2 8 6 7 6 0 3 2 2 8 6 7 6 0 3 2 80 96 2024 80 96 32772608 2 4 5 7 9 4 5 6 6072 4048 14168 14168 4048 12144 32772608 8 0 9 6 20 24 8 0 9 6 3277 2608 40 48 2024 40 48 80 96 8 0 9 6 20 24 8 0 9 6 3277 2608 3277 2608 20 24 3686 9184 2457 9456 24579456 2024 28676032 40 48 2 4 5 7 9 4 5 6 3 2 7 7 2 6 16192 2 4 5 7 9 4 5 6 3 6 8 6 9 1 8 4 40 48 2024 40 48 80 96 3 2 7 7 2 6 16192 32772608 2024 36869184 24579456 80 96 2024 80 96 32772608 32772608 2024 36869184 24579456 2 0 4 8 2 8 8 0 2 8 6 7 6 0 3 2 3 6 8 6 9 1 8 4 32772608 2024 36869184 24579456 2 0 4 8 2 8 8 0 2 4 5 7 9 4 5 6 60 72 40 48 28676032 28676032 40 48 24579456 3277 2608 4 0 4 8 20 24 4 0 4 8 8 0 9 6 60 72 24579456 32772608 24579456 36869184 20 24 32772608 80 96 40 48 80 96 20482880 28676032 36869184 80 96 20482880 24579456 8 0 9 6 20 24 8 0 9 6 3277 2608 40 48 2024 40 48 80 96 8 0 9 6 20 24 8 0 9 6 3277 2608 3277 2608 20 24 3686 9184 2457 9456 60 72 40 48 28676032 28676032 40 48 24579456 3277 2608 4 0 4 8 20 24 4 0 4 8 8 0 9 6 60 72 24579456 32772608 24579456 36869184 20 24 32772608 80 96 40 48 80 96 20482880 28676032 36869184 80 96 20482880 24579456 24579456 2024 28676032 40 48 80 96 2024 80 96 32772608 2 8 6 7 6 0 3 2 2 8 6 7 6 0 3 2 80 96 2024 80 96 32772608 2 4 5 7 9 4 5 6 6072 4048 14168 14168 4048 12144 32772608 32772608 2024 36869184 24579456 4048 1 4048 8096 32772608 2024 36869184 24579456 3 2 7 7 2 6 16192 8096 1 8096 16192 2 0 2 4 8096 1 8096 16192 16192 1 18216 12144 3 2 7 7 2 6 16192 4048 1 4048 8096 3 6 8 6 9 1 8 4 2 4 5 7 9 4 5 6 6 0 7 2 4 0 4 8 2867 6032 2867 6032 4 0 4 8 2457 9456 32 77 26 8 32772608 2024 36869184 24579456 4048 1 4048 8096 32772608 2024 36869184 24579456 3 2 7 7 2 6 16192 6 0 7 2 4 0 4 8 2867 6032 2867 6032 4 0 4 8 2457 9456 32 77 26 8 6 0 7 2 4 0 4 8 2867 6032 2867 6032 4 0 4 8 2457 9456 32 77 26 8 8096 1 8096 16192 2 0 2 4 8096 1 8096 16192 16192 1 18216 12144 24579456 2024 28676032 40 48 80 96 2024 80 96 32772608 2 8 6 7 6 0 3 2 2 8 6 7 6 0 3 2 80 96 2024 80 96 32772608 2 4 5 7 9 4 5 6 6072 4048 14168 14168 4048 12144 32772608 8 0 9 6 20 24 8 0 9 6 3277 2608 40 48 2024 40 48 80 96 8 0 9 6 20 24 8 0 9 6 3277 2608 3277 2608 20 24 3686 9184 2457 9456 24579456 2024 28676032 40 48 2 4 5 7 9 4 5 6 3 2 7 7 2 6 16192 2 4 5 7 9 4 5 6 3 6 8 6 9 1 8 4 40 48 2024 40 48 80 96 3 2 7 7 2 6 16192 32772608 2024 36869184 24579456 80 96 2024 80 96 32772608 32772608 2024 36869184 24579456 2 0 4 8 2 8 8 0 2 8 6 7 6 0 3 2 3 6 8 6 9 1 8 4 32772608 2024 36869184 24579456 2 0 4 8 2 8 8 0 2 4 5 7 9 4 5 6 32 77 26 8 2 0 2 4 36 86 91 84 24 57 94 56 24 57 94 56 2 0 2 4 28 67 60 32 8096 1 8096 16192 32 77 26 8 2 0 2 4 36 86 91 84 24 57 94 56 32 77 26 8 2 0 2 4 36 86 91 84 24 57 94 56 40 48 32772608 24579456 28676032 24579456 2024 60 72 40 48 8096 1 8096 16192 2 0 2 4 8096 1 8096 16192 16192 1 18216 12144 60 72 40 48 28676032 28676032 40 48 24579456 3277 2608 32 77 26 8 2 0 2 4 36 86 91 84 24 57 94 56 8096 1 8096 16192 2 0 2 4 16192 1 18216 12144 32 77 26 8 8096 1 8096 16192 32 77 26 8 32 77 26 8 2 0 2 4 12144 1 14168 4048 8096 1 8096 16192 28 67 60 32 28 67 60 32 8096 1 8096 16192 24 57 94 56 3 2 7 7 2 6 16192 3277 2608 20 24 3686 9184 2457 9456 40 48 2024 40 48 80 96 3277 2608 20 24 3686 9184 2457 9456 6072 4048 14168 14168 4048 12144 32772608 6072 4048 14168 14168 4048 12144 32772608 40 48 2024 40 48 80 96 6072 12144 16192 12144 18216 2024 16192 8096 4048 8096 10120 14168 18216 8096 10120 12144 2048 2880 4 0 4 8 8 0 9 6 3277 2608 8 0 9 6 6 0 7 2 8 0 9 6 8 0 9 6 2457 9456 2048 2880 3686 9184 3686 9184 3277 2608 2048 2880 3686 9184 4 0 4 8 8 0 9 6 4 0 4 8 8 0 9 6 2048 2880 2 0 2 4 6 0 7 2 2867 6032 2457 9456 3686 9184 8 0 9 6 3686 9184 8 0 9 6 3686 9184 3277 2608 3277 2608 3277 2608 2 0 4 8 2 8 8 0 3 6 8 6 9 1 8 4 2 4 5 7 9 4 5 6 3 6 8 6 9 1 8 4 2 8 6 7 6 0 3 2 3 2 7 7 2 6 16192 3 2 7 7 2 6 16192 4048 1 4048 8096 2 8 6 7 6 0 3 2 4048 1 4048 8096 80 96 2024 80 96 32772608 2 8 6 7 6 0 3 2 24579456 2024 28676032 40 48 80 96 2024 80 96 32772608 3 2 7 7 2 6 16192 4048 1 4048 8096 3 2 7 7 2 6 16192 4048 1 4048 8096 3 6 8 6 9 1 8 4 2 4 5 7 9 4 5 6 6 0 7 2 2457 9456 3277 2608 2457 9456 3686 9184 2 0 2 4 3277 2608 8 0 9 6 4 0 4 8 20 24 8 0 9 6 3277 2608 4 0 4 8 3277 2608 3277 2608 20 24 6 0 7 2 4 0 4 8 2867 6032 2867 6032 4 0 4 8 2457 9456 32 77 26 8 80 96 2024 80 96 32772608 4048 1 4048 8096 80 96 2024 80 96 32772608 32772608 2024 36869184 24579456 6 0 7 2 2457 9456 3277 2608 2457 9456 3686 9184 2 0 2 4 3277 2608 8 0 9 6 32772608 2024 36869184 24579456 4048 1 4048 8096 32772608 2024 36869184 24579456 3 2 7 7 2 6 16192 6 0 7 2 4 0 4 8 2867 6032 2867 6032 4 0 4 8 2457 9456 32 77 26 8 72633264 1165824 3248584768 825 792 2277696256 2457945600 2187571584 680 64 14168 2024 20482880 12144 10120 12144 16192 542432 1752784 963424 3 2 73958984 92683008 48422176 777216 3887650624 518 144 47094432 111660032 32 77 26 8 2 0 2 4 36 86 91 84 24 57 94 56 60 72 40 48 28676032 28676032 40 48 24579456 3277 2608 6072 4048 14168 14168 4048 12144 32772608 40 48 2024 40 48 80 96 6072 12144 16192 12144 18216 2024 16192 8096 4048 8096 10120 14168 18216 8096 10120 12144 80 96 2024 80 96 32772608 4048 1 4048 8096 80 96 2024 80 96 32772608 32772608 2024 36869184 24579456 6072 4048 14168 14168 4048 12144 32772608 40 48 2024 40 48 80 96 6072 12144 16192 12144 18216 2024 16192 8096 4048 8096 10120 14168 18216 8096 10120 12144 12144 1 14168 4048 8096 1 8096 16192 28 67 60 32 28 67 60 32 8096 1 8096 16192 24 57 94 56 3 2 7 7 2 6 16192 32772608 2024 36869184 24579456 4048 1 4048 8096 32772608 2024 36869184 24579456 3 2 7 7 2 6 16192 8096 1 8096 16192 2 0 2 4 8096 1 8096 16192 16192 1 18216 12144 32772608 2024 36869184 24579456 4048 1 4048 8096 32772608 2024 36869184 24579456 3 2 7 7 2 6 16192 3 2 7 7 2 6 16192 4048 1 4048 8096 3 6 8 6 9 1 8 4 2 4 5 7 9 4 5 6 6072 4048 14168 14168 4048 12144 32772608 40 48 2024 40 48 80 96 6072 12144 16192 12144 18216 2024 16192 8096 4048 8096 10120 14168 18216 8096 10120 12144 80 96 2024 80 96 32772608 4048 1 4048 8096 80 96 2024 80 96 32772608 32772608 2024 36869184 24579456 6072 4048 14168 14168 4048 12144 32772608 40 48 2024 40 48 80 96 6072 12144 16192 12144 18216 2024 16192 8096 4048 8096 10120 14168 18216 8096 10120 12144 12144 1 14168 4048 8096 1 8096 16192 28 67 60 32 28 67 60 32 8096 1 8096 16192 24 57 94 56 3 2 7 7 2 6 16192 12144 1 14168 4048 8096 1 8096 16192 28 67 60 32 28 67 60 32 8096 1 8096 16192 24 57 94 56 3 2 7 7 2 6 16192 80 96 2024 80 96 32772608 4048 1 4048 8096 80 96 2024 80 96 32772608 32772608 2024 36869184 24579456 12144 1 14168 4048 24 57 94 56 32 77 26 8 24 57 94 56 36 86 91 84 4048 1 4048 8096 32 77 26 8 16192 1 18216 12144 8096 1 8096 16192 16192 1 18216 12144 20 48 28 80 28 67 60 32 36 86 91 84 16192 1 18216 12144 20 48 28 80 24 57 94 56 
17 5082
16192 1 18216 12144 2 0 2 4 16192 1 18216 12144 32 77 26 8 4 0 4 8 20 24 4 0 4 8 8 0 9 6 32 77 26 8 2 0 2 4 36 86 91 84 24 57 94 56 60 72 40 48 28676032 28676032 40 48 24579456 3277 2608 16192 1 18216 12144 2 0 2 4 16192 1 18216 12144 32 77 26 8 60 72 40 48 28676032 28676032 40 48 24579456 3277 2608 60 72 40 48 28676032 28676032 40 48 24579456 3277 2608 4 0 4 8 20 24 4 0 4 8 8 0 9 6 16192 1 18216 12144 2 0 2 4 16192 1 18216 12144 32 77 26 8 60 72 40 48 28676032 28676032 40 48 24579456 3277 2608 40 48 80 96 20482880 28676032 36869184 80 96 20482880 24579456 40 48 32772608 24579456 28676032 24579456 2024 60 72 40 48 40 48 80 96 20482880 28676032 36869184 80 96 20482880 24579456 4 0 4 8 20 24 4 0 4 8 8 0 9 6 24 57 94 56 2 0 2 4 28 67 60 32 8096 1 8096 16192 16192 1 18216 12144 2 0 2 4 16192 1 18216 12144 32 77 26 8 24 57 94 56 2 0 2 4 28 67 60 32 8096 1 8096 16192 16192 1 18216 12144 2 0 2 4 16192 1 18216 12144 32 77 26 8 40 48 32772608 24579456 28676032 24579456 2024 60 72 40 48 40 48 32772608 24579456 28676032 24579456 2024 60 72 40 48 16192 1 18216 12144 2 0 2 4 16192 1 18216 12144 32 77 26 8 40 48 80 96 20482880 28676032 36869184 80 96 20482880 24579456 6 0 7 2 4 0 4 8 2867 6032 2867 6032 4 0 4 8 2457 9456 32 77 26 8 16192 1 18216 12144 2 0 2 4 16192 1 18216 12144 32 77 26 8 32 77 26 8 2 0 2 4 36 86 91 84 24 57 94 56 40 48 2024 80 96 32772608 40 48 32772608 32772608 2024 40 48 32772608 24579456 28676032 24579456 2024 60 72 40 48 60 72 24579456 32772608 24579456 36869184 20 24 32772608 80 96 32 77 26 8 2 0 2 4 36 86 91 84 24 57 94 56 40 48 2024 80 96 32772608 40 48 32772608 32772608 2024 40 48 80 96 20482880 28676032 36869184 80 96 20482880 24579456 24 57 94 56 2 0 2 4 28 67 60 32 8096 1 8096 16192 16192 1 18216 12144 2 0 2 4 16192 1 18216 12144 32 77 26 8 40 48 32772608 24579456 28676032 24579456 2024 60 72 40 48 40 48 32772608 24579456 28676032 24579456 2024 60 72 40 48 16192 1 18216 12144 2 0 2 4 16192 1 18216 12144 32 77 26 8 40 48 80 96 20482880 28676032 36869184 80 96 20482880 24579456 6 0 7 2 4 0 4 8 2867 6032 2867 6032 4 0 4 8 2457 9456 32 77 26 8 3277 2608 20 24 3686 9184 2457 9456 40 48 2024 40 48 80 96 3277 2608 20 24 3686 9184 2457 9456 6072 4048 14168 14168 4048 12144 32772608 80 96 2024 80 96 32772608 4048 1 4048 8096 80 96 2024 80 96 32772608 32772608 2024 36869184 24579456 3277 2608 20 24 3686 9184 2457 9456 40 48 2024 40 48 80 96 3277 2608 20 24 3686 9184 2457 9456 6072 4048 14168 14168 4048 12144 32772608 6072 4048 14168 14168 4048 12144 32772608 40 48 2024 40 48 80 96 6072 12144 16192 12144 18216 2024 16192 8096 4048 8096 10120 14168 18216 8096 10120 12144 24 57 94 56 2 0 2 4 28 67 60 32 8096 1 8096 16192 16192 1 18216 12144 2 0 2 4 16192 1 18216 12144 32 77 26 8 40 48 32772608 24579456 28676032 24579456 2024 60 72 40 48 40 48 32772608 24579456 28676032 24579456 2024 60 72 40 48 16192 1 18216 12144 2 0 2 4 16192 1 18216 12144 32 77 26 8 40 48 80 96 20482880 28676032 36869184 80 96 20482880 24579456 6 0 7 2 4 0 4 8 2867 6032 2867 6032 4 0 4 8 2457 9456 32 77 26 8 12144 1 14168 4048 8096 1 8096 16192 28 67 60 32 28 67 60 32 8096 1 8096 16192 24 57 94 56 3 2 7 7 2 6 16192 80 96 2024 80 96 32772608 4048 1 4048 8096 80 96 2024 80 96 32772608 32772608 2024 36869184 24579456 12144 1 14168 4048 24 57 94 56 32 77 26 8 24 57 94 56 36 86 91 84 4048 1 4048 8096 32 77 26 8 16192 1 18216 12144 8096 1 8096 16192 16192 1 18216 12144 20 48 28 80 28 67 60 32 36 86 91 84 16192 1 18216 12144 20 48 28 80 24 57 94 56 32 77 26 8 2 0 2 4 36 86 91 84 24 57 94 56 4 0 4 8 20 24 4 0 4 8 8 0 9 6 32 77 26 8 2 0 2 4 36 86 91 84 24 57 94 56 60 72 40 48 28676032 28676032 40 48 24579456 3277 2608 24579456 2024 28676032 40 48 80 96 2024 80 96 32772608 2 8 6 7 6 0 3 2 2 8 6 7 6 0 3 2 80 96 2024 80 96 32772608 2 4 5 7 9 4 5 6 6072 4048 14168 14168 4048 12144 32772608 80 96 2024 80 96 32772608 32772608 2024 36869184 24579456 2 0 4 8 2 8 8 0 2 8 6 7 6 0 3 2 3 6 8 6 9 1 8 4 32772608 2024 36869184 24579456 2 0 4 8 2 8 8 0 2 4 5 7 9 4 5 6 80 96 2024 80 96 32772608 3 2 7 7 2 6 16192 2 4 5 7 9 4 5 6 2 8 6 7 6 0 3 2 2 4 5 7 9 4 5 6 4048 1 4048 8096 24579456 2024 28676032 40 48 80 96 2024 80 96 32772608 80 96 2024 80 96 32772608 32772608 2024 36869184 24579456 2 0 4 8 2 8 8 0 2 8 6 7 6 0 3 2 3 6 8 6 9 1 8 4 32772608 2024 36869184 24579456 2 0 4 8 2 8 8 0 2 4 5 7 9 4 5 6 8 0 9 6 20 24 8 0 9 6 3277 2608 40 48 2024 40 48 80 96 8 0 9 6 20 24 8 0 9 6 3277 2608 3277 2608 20 24 3686 9184 2457 9456 40 48 80 96 20482880 28676032 36869184 80 96 20482880 24579456 4 0 4 8 20 24 4 0 4 8 8 0 9 6 40 48 32772608 24579456 28676032 24579456 2024 60 72 40 48 16192 1 18216 12144 2 0 2 4 16192 1 18216 12144 32 77 26 8 32 77 26 8 2 0 2 4 36 86 91 84 24 57 94 56 4 0 4 8 20 24 4 0 4 8 8 0 9 6 32 77 26 8 2 0 2 4 36 86 91 84 24 57 94 56 60 72 40 48 28676032 28676032 40 48 24579456 3277 2608 40 48 80 96 20482880 28676032 36869184 80 96 20482880 24579456 4 0 4 8 20 24 4 0 4 8 8 0 9 6 40 48 32772608 24579456 28676032 24579456 2024 60 72 40 48 16192 1 18216 12144 2 0 2 4 16192 1 18216 12144 32 77 26 8 32 77 26 8 2 0 2 4 36 86 91 84 24 57 94 56 4 0 4 8 20 24 4 0 4 8 8 0 9 6 32 77 26 8 2 0 2 4 36 86 91 84 24 57 94 56 60 72 40 48 28676032 28676032 40 48 24579456 3277 2608 80 96 2024 80 96 32772608 3 2 7 7 2 6 16192 2 4 5 7 9 4 5 6 2 8 6 7 6 0 3 2 2 4 5 7 9 4 5 6 4048 1 4048 8096 24579456 2024 28676032 40 48 80 96 2024 80 96 32772608 80 96 2024 80 96 32772608 3 2 7 7 2 6 16192 2 4 5 7 9 4 5 6 2 8 6 7 6 0 3 2 2 4 5 7 9 4 5 6 4048 1 4048 8096 24579456 2024 28676032 40 48 80 96 2024 80 96 32772608 32 77 26 8 2 0 2 4 36 86 91 84 24 57 94 56 4 0 4 8 20 24 4 0 4 8 8 0 9 6 32 77 26 8 2 0 2 4 36 86 91 84 24 57 94 56 60 72 40 48 28676032 28676032 40 48 24579456 3277 2608 80 96 2024 80 96 32772608 32772608 2024 36869184 24579456 2 0 4 8 2 8 8 0 2 8 6 7 6 0 3 2 3 6 8 6 9 1 8 4 32772608 2024 36869184 24579456 2 0 4 8 2 8 8 0 2 4 5 7 9 4 5 6 2457 9456 20 24 2867 6032 4 0 4 8 8 0 9 6 20 24 8 0 9 6 3277 2608 4048 16192 12144 14168 12144 1 6072 4048 4048 16192 12144 14168 12144 1 6072 4048 8 0 9 6 20 24 8 0 9 6 3277 2608 4048 8096 10120 14168 18216 8096 10120 12144 60 72 40 48 28676032 28676032 40 48 24579456 3277 2608 6072 4048 14168 14168 4048 12144 32772608 40 48 2024 40 48 80 96 6072 12144 16192 12144 18216 2024 16192 8096 4048 8096 10120 14168 18216 8096 10120 12144 80 96 2024 80 96 32772608 4048 1 4048 8096 80 96 2024 80 96 32772608 32772608 2024 36869184 24579456 6072 4048 14168 14168 4048 12144 32772608 40 48 2024 40 48 80 96 6072 12144 16192 12144 18216 2024 16192 8096 4048 8096 10120 14168 18216 8096 10120 12144 12144 1 14168 4048 8096 1 8096 16192 28 67 60 32 28 67 60 32 8096 1 8096 16192 24 57 94 56 3 2 7 7 2 6 16192 32772608 2024 36869184 24579456 4048 1 4048 8096 32772608 2024 36869184 24579456 3 2 7 7 2 6 16192 8096 1 8096 16192 2 0 2 4 8096 1 8096 16192 16192 1 18216 12144 32772608 2024 36869184 24579456 4048 1 4048 8096 32772608 2024 36869184 24579456 3 2 7 7 2 6 16192 3 2 7 7 2 6 16192 4048 1 4048 8096 3 6 8 6 9 1 8 4 2 4 5 7 9 4 5 6 6072 4048 14168 14168 4048 12144 32772608 40 48 2024 40 48 80 96 6072 12144 16192 12144 18216 2024 16192 8096 4048 8096 10120 14168 18216 8096 10120 12144 80 96 2024 80 96 32772608 4048 1 4048 8096 80 96 2024 80 96 32772608 32772608 2024 36869184 24579456 6072 4048 14168 14168 4048 12144 32772608 40 48 2024 40 48 80 96 6072 12144 16192 12144 18216 2024 16192 8096 4048 8096 10120 14168 18216 8096 10120 12144 12144 1 14168 4048 8096 1 8096 16192 28 67 60 32 28 67 60 32 8096 1 8096 16192 24 57 94 56 3 2 7 7 2 6 16192 12144 1 14168 4048 8096 1 8096 16192 28 67 60 32 28 67 60 32 8096 1 8096 16192 24 57 94 56 3 2 7 7 2 6 16192 80 96 2024 80 96 32772608 4048 1 4048 8096 80 96 2024 80 96 32772608 32772608 2024 36869184 24579456 12144 1 14168 4048 24 57 94 56 32 77 26 8 24 57 94 56 36 86 91 84 4048 1 4048 8096 32 77 26 8 16192 1 18216 12144 8096 1 8096 16192 16192 1 18216 12144 20 48 28 80 28 67 60 32 36 86 91 84 16192 1 18216 12144 20 48 28 80 24 57 94 56 8096 6072 14168 14168 14168 1 18216 12144 763048 827816 714472 1473472 44 27 50 0 293249 296384 56380544 145080320 2457 9456 8 0 9 6 3277 2608 4 0 4 8 2048 2880 3277 2608 2 0 2 4 4 0 4 8 4 0 4 8 8 0 9 6 1501808 1635392 1825648 1424896 1965304 1052480 36705 32096 8 0 9 6 4 0 4 8 3686 9184 8 0 9 6 3686 9184 4 0 4 8 3277 2608 20 24 2048 2880 6 0 7 2 6 0 7 2 2457 9456 3277 2608 3277 2608 6 0 7 2 4 0 4 8 12144 1 14168 4048 8096 1 8096 16192 28 67 60 32 28 67 60 32 8096 1 8096 16192 24 57 94 56 3 2 7 7 2 6 16192 80 96 2024 80 96 32772608 4048 1 4048 8096 80 96 2024 80 96 32772608 32772608 2024 36869184 24579456 12144 16192 28676032 2024 2024 12144 16192 736736 342056 445280 9 6 12144 2024 12144 16192 14168 8096 14168 4048 435160 506000 989736 696256 50 82 66 88 2024 1 16192 16192 45602744 34003200 43777096 186467072 8096 18216 14168 8096 14168 16192 18216 12144 18216 4048 4048 18216 8096 8096 2024 2867 6032 2867 6032 2 0 2 4 2 0 2 4 29167 62112 1833744 1522048 6 0 7 2 2 0 2 4 2867 6032 6 0 7 2 2457 9456 6 0 7 2 4 0 4 8 20 24 2867 6032 3277 2608 4 0 4 8 2867 6032 860200 4 0 20319 1696 1133440 1311552 21220 26368 1817552 1327744 22285 37344 2457 9456 20 24 2867 6032 4 0 4 8 8 0 9 6 20 24 8 0 9 6 3277 2608 4048 16192 12144 14168 12144 1 6072 4048 4048 16192 12144 14168 12144 1 6072 4048 8 0 9 6 20 24 8 0 9 6 3277 2608 4048 8096 10120 14168 18216 8096 10120 12144 60 72 40 48 28676032 28676032 40 48 24579456 3277 2608 16192 1 18216 12144 2 0 2 4 16192 1 18216 12144 32 77 26 8 4 0 4 8 20 24 4 0 4 8 8 0 9 6 16192 1 18216 12144 2 0 2 4 16192 1 18216 12144 32 77 26 8 32 77 26 8 2 0 2 4 36 86 91 84 24 57 94 56 2457 9456 20 24 2867 6032 4 0 4 8 4048 8096 10120 14168 18216 8096 10120 12144 6072 4048 14168 14168 4048 12144 32772608 4048 8096 10120 14168 18216 8096 10120 12144 6072 12144 16192 12144 18216 2024 16192 8096 4 0 4 8 20 24 4 0 4 8 8 0 9 6 6072 4048 14168 14168 4048 12144 32772608 3277 2608 20 24 3686 9184 2457 9456 8 0 9 6 20 24 8 0 9 6 3277 2608 3277 2608 20 24 3686 9184 2457 9456 4048 1 8096 16192 4048 16192 16192 1 4048 16192 12144 14168 12144 1 6072 4048 6072 12144 16192 12144 18216 2024 16192 8096 3277 2608 20 24 3686 9184 2457 9456 4048 1 8096 16192 4048 16192 16192 1 4048 8096 10120 14168 18216 8096 10120 12144 6 0 7 2 4 0 4 8 2867 6032 2867 6032 4 0 4 8 2457 9456 32 77 26 8 8096 1 8096 16192 2 0 2 4 8096 1 8096 16192 16192 1 18216 12144 6 0 7 2 2457 9456 3277 2608 2457 9456 3686 9184 2 0 2 4 3277 2608 8 0 9 6 4 0 4 8 8 0 9 6 2048 2880 2867 6032 3686 9184 8 0 9 6 2048 2880 2457 9456 16192 1 18216 12144 2 0 2 4 16192 1 18216 12144 32 77 26 8 4 0 4 8 20 24 4 0 4 8 8 0 9 6 16192 1 18216 12144 2 0 2 4 16192 1 18216 12144 32 77 26 8 32 77 26 8 2 0 2 4 36 86 91 84 24 57 94 56 6 0 7 2 4 0 4 8 2867 6032 2867 6032 4 0 4 8 2457 9456 32 77 26 8 8096 1 8096 16192 2 0 2 4 8096 1 8096 16192 16192 1 18216 12144 6 0 7 2 2457 9456 3277 2608 2457 9456 3686 9184 2 0 2 4 3277 2608 8 0 9 6 4 0 4 8 8 0 9 6 2048 2880 2867 6032 3686 9184 8 0 9 6 2048 2880 2457 9456 2457 9456 20 24 2867 6032 4 0 4 8 8 0 9 6 20 24 8 0 9 6 3277 2608 4048 16192 12144 14168 12144 1 6072 4048 4048 16192 12144 14168 12144 1 6072 4048 8 0 9 6 20 24 8 0 9 6 3277 2608 4048 8096 10120 14168 18216 8096 10120 12144 60 72 40 48 28676032 28676032 40 48 24579456 3277 2608 3277 2608 20 24 3686 9184 2457 9456 40 48 2024 40 48 80 96 3277 2608 20 24 3686 9184 2457 9456 6072 4048 14168 14168 4048 12144 32772608 80 96 2024 80 96 32772608 4048 1 4048 8096 80 96 2024 80 96 32772608 32772608 2024 36869184 24579456 6072 4048 14168 14168 4048 12144 32772608 40 48 2024 40 48 80 96 6072 12144 16192 12144 18216 2024 16192 8096 4048 8096 10120 14168 18216 8096 10120 12144 12144 1 14168 4048 8096 1 8096 16192 28 67 60 32 28 67 60 32 8096 1 8096 16192 24 57 94 56 3 2 7 7 2 6 16192 3277 2608 20 24 3686 9184 2457 9456 40 48 2024 40 48 80 96 3277 2608 20 24 3686 9184 2457 9456 6072 4048 14168 14168 4048 12144 32772608 12144 1 14168 4048 8096 1 8096 16192 28 67 60 32 28 67 60 32 8096 1 8096 16192 24 57 94 56 3 2 7 7 2 6 16192 12144 1 14168 4048 8096 1 8096 16192 28 67 60 32 28 67 60 32 8096 1 8096 16192 24 57 94 56 3 2 7 7 2 6 16192 80 96 2024 80 96 32772608 4048 1 4048 8096 80 96 2024 80 96 32772608 32772608 2024 36869184 24579456 2457 9456 20 24 2867 6032 4 0 4 8 8 0 9 6 20 24 8 0 9 6 3277 2608 4048 16192 12144 14168 12144 1 6072 4048 4048 16192 12144 14168 12144 1 6072 4048 8 0 9 6 20 24 8 0 9 6 3277 2608 4048 8096 10120 14168 18216 8096 10120 12144 60 72 40 48 28676032 28676032 40 48 24579456 3277 2608 16192 1 18216 12144 2 0 2 4 16192 1 18216 12144 32 77 26 8 4 0 4 8 20 24 4 0 4 8 8 0 9 6 16192 1 18216 12144 2 0 2 4 16192 1 18216 12144 32 77 26 8 32 77 26 8 2 0 2 4 36 86 91 84 24 57 94 56 2457 9456 20 24 2867 6032 4 0 4 8 4048 8096 10120 14168 18216 8096 10120 12144 6072 4048 14168 14168 4048 12144 32772608 4048 8096 10120 14168 18216 8096 10120 12144 6072 12144 16192 12144 18216 2024 16192 8096 4 0 4 8 20 24 4 0 4 8 8 0 9 6 6072 4048 14168 14168 4048 12144 32772608 3277 2608 20 24 3686 9184 2457 9456 8 0 9 6 20 24 8 0 9 6 3277 2608 3277 2608 20 24 3686 9184 2457 9456 4048 1 8096 16192 4048 16192 16192 1 4048 16192 12144 14168 12144 1 6072 4048 6072 12144 16192 12144 18216 2024 16192 8096 3277 2608 20 24 3686 9184 2457 9456 4048 1 8096 16192 4048 16192 16192 1 4048 8096 10120 14168 18216 8096 10120 12144 3 2 7 7 2 6 16192 4048 1 4048 8096 3 6 8 6 9 1 8 4 2 4 5 7 9 4 5 6 2 4 5 7 9 4 5 6 4048 1 4048 8096 2 8 6 7 6 0 3 2 80 96 2024 80 96 32772608 3 2 7 7 2 6 16192 4048 1 4048 8096 3 6 8 6 9 1 8 4 2 4 5 7 9 4 5 6 3 2 7 7 2 6 16192 4048 1 4048 8096 3 6 8 6 9 1 8 4 2 4 5 7 9 4 5 6 4 0 4 8 3277 2608 2457 9456 2867 6032 2457 9456 20 24 6 0 7 2 4 0 4 8 80 96 2024 80 96 32772608 4048 1 4048 8096 80 96 2024 80 96 32772608 32772608 2024 36869184 24579456 6 0 7 2 4 0 4 8 2867 6032 2867 6032 4 0 4 8 2457 9456 32 77 26 8 3 2 7 7 2 6 16192 4048 1 4048 8096 3 6 8 6 9 1 8 4 2 4 5 7 9 4 5 6 80 96 2024 80 96 32772608 4048 1 4048 8096 32772608 2024 36869184 24579456 3 2 7 7 2 6 16192 80 96 2024 80 96 32772608 3 2 7 7 2 6 16192 3 2 7 7 2 6 16192 4048 1 4048 8096 24579456 2024 28676032 40 48 80 96 2024 80 96 32772608 2 8 6 7 6 0 3 2 2 8 6 7 6 0 3 2 80 96 2024 80 96 32772608 2 4 5 7 9 4 5 6 6072 4048 14168 14168 4048 12144 32772608 32 77 26 8 2 0 2 4 36 86 91 84 24 57 94 56 4 0 4 8 20 24 4 0 4 8 8 0 9 6 32 77 26 8 2 0 2 4 36 86 91 84 24 57 94 56 60 72 40 48 28676032 28676032 40 48 24579456 3277 2608 60 72 40 48 28676032 28676032 40 48 24579456 3277 2608 4 0 4 8 20 24 4 0 4 8 8 0 9 6 60 72 24579456 32772608 24579456 36869184 20 24 32772608 80 96 40 48 80 96 20482880 28676032 36869184 80 96 20482880 24579456 20 48 28 80 8096 1 8096 16192 16192 1 18216 12144 32 77 26 8 16192 1 18216 12144 12144 1 14168 4048 16192 1 18216 12144 16192 1 18216 12144 24 57 94 56 20 48 28 80 36 86 91 84 36 86 91 84 32 77 26 8 20 48 28 80 36 86 91 84 8096 1 8096 16192 16192 1 18216 12144 8096 1 8096 16192 16192 1 18216 12144 20 48 28 80 4048 1 4048 8096 12144 1 14168 4048 28 67 60 32 24 57 94 56 36 86 91 84 16192 1 18216 12144 36 86 91 84 16192 1 18216 12144 36 86 91 84 32 77 26 8 32 77 26 8 32 77 26 8 4048 1 8096 16192 4048 16192 16192 1 6072 12144 16192 12144 18216 2024 16192 8096 4048 8096 10120 14168 18216 8096 10120 12144 6072 12144 16192 12144 18216 2024 16192 8096 4048 16192 12144 14168 12144 1 6072 4048 6072 4048 14168 14168 4048 12144 32772608 6072 4048 14168 14168 4048 12144 32772608 40 48 2024 40 48 80 96 4048 16192 12144 14168 12144 1 6072 4048 40 48 2024 40 48 80 96 8 0 9 6 20 24 8 0 9 6 3277 2608 4048 16192 12144 14168 12144 1 6072 4048 2457 9456 20 24 2867 6032 4 0 4 8 8 0 9 6 20 24 8 0 9 6 3277 2608 6072 4048 14168 14168 4048 12144 32772608 40 48 2024 40 48 80 96 6072 4048 14168 14168 4048 12144 32772608 40 48 2024 40 48 80 96 6072 12144 16192 12144 18216 2024 16192 8096 4048 8096 10120 14168 18216 8096 10120 12144 12144 1 14168 4048 24 57 94 56 32 77 26 8 24 57 94 56 36 86 91 84 4048 1 4048 8096 32 77 26 8 16192 1 18216 12144 8096 1 8096 16192 2 0 2 4 16192 1 18216 12144 32 77 26 8 8096 1 8096 16192 32 77 26 8 32 77 26 8 2 0 2 4 12144 1 14168 4048 8096 1 8096 16192 28 67 60 32 28 67 60 32 8096 1 8096 16192 24 57 94 56 3 2 7 7 2 6 16192 8 0 9 6 20 24 8 0 9 6 3277 2608 40 48 2024 40 48 80 96 8 0 9 6 20 24 8 0 9 6 3277 2608 3277 2608 20 24 3686 9184 2457 9456 12144 1 14168 4048 24 57 94 56 32 77 26 8 24 57 94 56 36 86 91 84 4048 1 4048 8096 32 77 26 8 16192 1 18216 12144 3277 2608 20 24 3686 9184 2457 9456 40 48 2024 40 48 80 96 3277 2608 20 24 3686 9184 2457 9456 6072 4048 14168 14168 4048 12144 32772608 12144 1 14168 4048 8096 1 8096 16192 28 67 60 32 28 67 60 32 8096 1 8096 16192 24 57 94 56 3 2 7 7 2 6 16192 7263 3264 2359627776 32485 84768 1669800 1603008 22776 96256 24579 45600 21875 71584 1376320 6 4 28676032 20 24 2048 2880 24579456 20482880 24579456 32772608 542 432 3547634816 963 424 6072 4048 7395 8984 9268 3008 4842 2176 777 216 38876 50624 1048432 291456 4709 4432 225999904768 3 2 7 7 2 6 16192 4048 1 4048 8096 3 6 8 6 9 1 8 4 2 4 5 7 9 4 5 6 6 0 7 2 4 0 4 8 2867 6032 2867 6032 4 0 4 8 2457 9456 32 77 26 8 60 72 40 48 28676032 28676032 40 48 24579456 3277 2608 4 0 4 8 20 24 4 0 4 8 8 0 9 6 60 72 24579456 32772608 24579456 36869184 20 24 32772608 80 96 40 48 80 96 20482880 28676032 36869184 80 96 20482880 24579456 8 0 9 6 20 24 8 0 9 6 3277 2608 40 48 2024 40 48 80 96 8 0 9 6 20 24 8 0 9 6 3277 2608 3277 2608 20 24 3686 9184 2457 9456 60 72 40 48 28676032 28676032 40 48 24579456 3277 2608 4 0 4 8 20 24 4 0 4 8 8 0 9 6 60 72 24579456 32772608 24579456 36869184 20 24 32772608 80 96 40 48 80 96 20482880 28676032 36869184 80 96 20482880 24579456 24579456 2024 28676032 40 48 80 96 2024 80 96 32772608 2 8 6 7 6 0 3 2 2 8 6 7 6 0 3 2 80 96 2024 80 96 32772608 2 4 5 7 9 4 5 6 6072 4048 14168 14168 4048 12144 32772608 3277 2608 20 24 3686 9184 2457 9456 40 48 2024 40 48 80 96 3277 2608 20 24 3686 9184 2457 9456 6072 4048 14168 14168 4048 12144 32772608 80 96 2024 80 96 32772608 4048 1 4048 8096 80 96 2024 80 96 32772608 32772608 2024 36869184 24579456 3277 2608 20 24 3686 9184 2457 9456 40 48 2024 40 48 80 96 3277 2608 20 24 3686 9184 2457 9456 6072 4048 14168 14168 4048 12144 32772608 6072 4048 14168 14168 4048 12144 32772608 40 48 2024 40 48 80 96 6072 12144 16192 12144 18216 2024 16192 8096 4048 8096 10120 14168 18216 8096 10120 12144 60 72 40 48 28676032 28676032 40 48 24579456 3277 2608 4 0 4 8 20 24 4 0 4 8 8 0 9 6 60 72 24579456 32772608 24579456 36869184 20 24 32772608 80 96 40 48 80 96 20482880 28676032 36869184 80 96 20482880 24579456 8 0 9 6 20 24 8 0 9 6 3277 2608 40 48 2024 40 48 80 96 8 0 9 6 20 24 8 0 9 6 3277 2608 3277 2608 20 24 3686 9184 2457 9456 60 72 40 48 28676032 28676032 40 48 24579456 3277 2608 4 0 4 8 20 24 4 0 4 8 8 0 9 6 60 72 24579456 32772608 24579456 36869184 20 24 32772608 80 96 40 48 80 96 20482880 28676032 36869184 80 96 20482880 24579456 24579456 2024 28676032 40 48 80 96 2024 80 96 32772608 2 8 6 7 6 0 3 2 2 8 6 7 6 0 3 2 80 96 2024 80 96 32772608 2 4 5 7 9 4 5 6 6072 4048 14168 14168 4048 12144 32772608 24579456 2024 28676032 40 48 80 96 2024 80 96 32772608 2 8 6 7 6 0 3 2 2 8 6 7 6 0 3 2 80 96 2024 80 96 32772608 2 4 5 7 9 4 5 6 6072 4048 14168 14168 4048 12144 32772608 8 0 9 6 20 24 8 0 9 6 3277 2608 40 48 2024 40 48 80 96 8 0 9 6 20 24 8 0 9 6 3277 2608 3277 2608 20 24 3686 9184 2457 9456 24579456 2024 28676032 40 48 2 4 5 7 9 4 5 6 3 2 7 7 2 6 16192 2 4 5 7 9 4 5 6 3 6 8 6 9 1 8 4 40 48 2024 40 48 80 96 3 2 7 7 2 6 16192 32772608 2024 36869184 24579456 80 96 2024 80 96 32772608 32772608 2024 36869184 24579456 2 0 4 8 2 8 8 0 2 8 6 7 6 0 3 2 3 6 8 6 9 1 8 4 32772608 2024 36869184 24579456 2 0 4 8 2 8 8 0 2 4 5 7 9 4 5 6 
